##??????????#?.????#   9,2,1,2
????.#...#...?????.#...#...?????.#...#...?????.#...#...?????.#...#...  4,1,1,4,1,1,4,1,1,4,1,1,4,1,1




???    . ##??##???#??  . #             1,1,7,1,1,1
 1     .  1.7.1.1      . 1    X                     
...    . 1,1,7,1,1     . 1    

#.#    . 7,1,1         . 1 
1.1


Option1:  1         1,7,1,1,1
                  ##??##???#??.#

Option2:  1,1      7,1,1,1,1. 
                 ##??##???#??.#



Option4:  1,1,7,1,1,1
Option5:  1,1,7,1,1,1
Option6:  1,1,7,1,1,1
. ##??##???#??  . #



????.#...#...?????.#...#...?????.#...#...?????.#...#...?????.#...#...  4,1,1,4,1,1,4,1,1,4,1,1,4,1,1
 4   1   1     4   1   1     4   1   1     4   1   1    4    1   1    Option 1
 for all Options

     9         3       3  
 ?#?#?#???    ?#?    ??#    6,2,2,3
    6,2        2      3


     14              5
##??????????#?     ????#   9,2,1,2
9,2,1                2
9,2                 1,2
